

jiçd = [[[0, 0, 0, 0, 0],
        [0, 0, 0, 0, 0],
        [1, 0, 0, 0, 0],
        [1, 1, 1, 0, 0],
        [0, 0, 1, 0, 0]
        ], [[0, 0, 0, 0, 0],
            [0, 0, 0, 0, 0],
            [0, 0, 0, 0, 0],
            [1, 1, 0, 0, 0],
            [0, 1, 0, 0, 0],
            [0, 1, 1, 0, 0]
            ], [[0, 0, 0, 0, 0],
                [0, 0, 0, 0, 0],
                [1, 1, 0, 0, 0],
                [0, 1, 0, 0, 0],
                [0, 1, 0, 0, 0]
                ], [[0, 0, 0, 0, 0],
                    [0, 0, 0, 0, 0],
                    [0, 0, 1, 0, 0],
                    [1, 1, 1, 0, 0],
                    [1, 0, 0, 0, 0]
                    ], [[0, 0, 0, 0, 0],
                        [0, 0, 0, 0, 0],
                        [0, 1, 1, 0, 0],
                        [0, 1, 0, 0, 0],
                        [1, 1, 0, 0, 0]
                        ], [[0, 0, 0, 0, 0],
                            [0, 0, 0, 0, 0],
                            [0, 0, 1, 0, 0],
                            [0, 1, 0, 0, 0],
                            [1, 0, 0, 0, 0]
                            ], [[0, 0, 0, 0, 0],
                                [0, 0, 0, 0, 0],
                                [1, 0, 0, 0, 0],
                                [0, 1, 0, 0, 0],
                                [0, 0, 1, 0, 0]
                                ], [[0, 0, 0, 0, 0],
                                    [0, 0, 0, 0, 0],
                                    [1, 0, 0, 0, 0],
                                    [1, 0, 0, 0, 0],
                                    [1, 0, 0, 0, 0]
                                    ], [[0, 0, 0, 0, 0],
                                        [0, 0, 0, 0, 0],
                                        [0, 0, 0, 0, 0],
                                        [0, 0, 0, 0, 0],
                                        [1, 1, 1, 0, 0]
                                        ], [[0, 0, 0, 0, 0],
                                            [0, 0, 0, 0, 0],
                                            [0, 0, 0, 0, 0],
                                            [1, 0, 0, 0, 0],
                                            [1, 0, 0, 0, 0]
                                            ], [[0, 0, 0, 0, 0],
                                                [0, 0, 0, 0, 0],
                                                [0, 1, 0, 0, 0],
                                                [1, 1, 1, 0, 0],
                                                [0, 1, 0, 0, 0]
                                                ], [[0, 0, 0, 0, 0],
                                                    [0, 0, 0, 0, 0],
                                                    [0, 0, 0, 0, 0],
                                                    [0, 0, 0, 0, 0],
                                                    [1, 1, 0, 0, 0]
                                                    ],


cercle_liste = [[[1, 1, 1, 1, 0],
                 [1, 1, 1, 1, 0],
                 [1, 1, 1, 1, 0],
                 [1, 1, 1, 1, 0],
                 [0, 0, 0, 0, 0]],
                   [[0, 1, 1, 0, 0],
                    [1, 1, 1, 1, 0],
                    [1, 1, 1, 1, 0],
                    [0, 1, 1, 0, 0],
                    [0, 0, 0, 0, 0]],
                       [[1, 0, 0, 1, 0],
                        [1, 0, 0, 1, 0],
                        [1, 0, 0, 1, 0],
                        [1, 1, 1, 1, 0],
                        [0, 0, 0, 0, 0]],
                         [[1, 1, 1, 1, 0],
                          [0, 0, 0, 1, 0],
                          [0, 0, 0, 1, 0],
                          [0, 0, 0, 1, 0],
                          [0, 0, 0, 0, 0]],
                              [[0, 0, 0, 0, 0],
                               [0, 0, 0, 0, 0],
                               [1, 1, 1, 1, 0],
                               [1, 1, 1, 0, 0],
                               [0, 0, 0, 0, 0]],
                                 [[0, 1, 1, 1, 0],
                                  [0, 0, 0, 1, 0],
                                  [0, 0, 0, 1, 0],
                                  [0, 1, 1, 1, 0],
                                  [0, 0, 0, 0, 0]],
                                    [[0, 1, 1, 0, 0],
                                     [0, 1, 1, 0, 0],
                                     [0, 1, 1, 0, 0],
                                     [0, 1, 1, 0, 0],
                                     [0, 0, 0, 0, 0]],
                                        [[0, 0, 0, 0, 0],
                                         [0, 0, 0, 0, 0],
                                         [1, 1, 1, 1, 0],
                                         [1, 1, 1, 1, 0],
                                         [0, 0, 0, 0, 0]],
                                            [[0, 1, 0, 0, 0],
                                             [0, 1, 0, 0, 0],
                                             [0, 1, 0, 0, 0],
                                             [0, 1, 0, 0, 0],
                                             [0, 0, 0, 0, 0]],
                                                [[0, 0, 0, 0, 0],
                                                 [1, 1, 1, 1, 0],
                                                 [1, 0, 0, 1, 0],
                                                 [0, 0, 0, 0, 0],
                                                 [0, 0, 0, 0, 0]],
                                                   [[0, 0, 0, 0, 0],
                                                    [0, 0, 0, 0, 0],
                                                    [0, 0, 0, 0, 0],
                                                    [1, 1, 1, 1, 0],
                                                    [0, 0, 0, 0, 0]],
                                                        [[1, 0, 0, 0, 0],
                                                         [1, 0, 0, 0, 0],
                                                         [1, 0, 0, 1, 0],
                                                         [1, 1, 1, 1, 0],
                                                         [0, 0, 0, 0, 0]],

losange_liste = [[[0, 0, 0, 0, 0],
                  [0, 0, 1, 1, 0],
                  [0, 1, 1, 0, 0],
                  [1, 1, 0, 0, 0],
                  [1, 0, 0, 0, 0]
                  ], [[0, 0, 0, 0, 0],
                      [0, 1, 1, 0, 0],
                      [0, 0, 1, 1, 0],
                      [0, 0, 0, 1, 1],
                      [0, 0, 0, 0, 1]
                      ], [[0, 0, 0, 0, 0],
                          [1, 1, 1, 1, 0],
                          [0, 1, 1, 0, 0],
                          [0, 1, 1, 0, 0],
                          [0, 1, 1, 0, 0],
                          ], [[0, 0, 0, 0, 0],
                              [1, 0, 0, 1, 0],
                              [0, 1, 1, 0, 0],
                              [0, 1, 1, 0, 0],
                              [1, 0, 0, 1, 0]
                              ], [[0, 0, 0, 0, 0],
                                  [0, 0, 0, 0, 0],
                                  [1, 1, 1, 1, 1],
                                  [0, 1, 1, 1, 0],
                                  [0, 0, 1, 0, 0]
                                  ], [[0, 0, 0, 0, 0],
                                      [1, 1, 1, 1, 0],
                                      [1, 1, 1, 1, 0],
                                      [1, 1, 1, 1, 0],
                                      [1, 1, 1, 1, 0]
                                      ], [[0, 0, 0, 0, 0],
                                          [1, 0, 0, 0, 0],
                                          [1, 1, 0, 0, 0],
                                          [0, 1, 1, 0, 0],
                                          [0, 0, 1, 1, 0]
                                          ], [[0, 0, 0, 0, 0],
                                              [0, 0, 0, 0, 1],
                                              [0, 0, 0, 1, 1],
                                              [0, 0, 1, 1, 0],
                                              [0, 1, 1, 0, 0]
                                              ], [[0, 0, 1, 0, 0],
                                                  [0, 0, 1, 0, 0],
                                                  [0, 0, 1, 0, 0],
                                                  [0, 0, 1, 0, 0],
                                                  [0, 0, 1, 0, 0]
                                                  ], [[0, 0, 0, 0, 0],
                                                      [0, 0, 0, 0, 1],
                                                      [0, 1, 1, 1, 1],
                                                      [0, 0, 0, 0, 1],
                                                      [0, 0, 0, 0, 0]
                                                      ], [[[0, 0, 0, 0, 0],
                                                           [0, 0, 0, 0, 0],
                                                           [1, 1, 1, 1, 1],
                                                           [0, 0, 0, 0, 0],
                                                           [0, 0, 0, 0, 0]
                                                           ], [[0, 0, 0, 0, 0],
                                                               [0, 0, 0, 0, 0],
                                                               [0, 1, 1, 1, 1],
                                                               [0, 0, 0, 0, 1],
                                                               [0, 0, 0, 0, 0]
                                                               ], [[0, 0, 0, 0, 0],
                                                                   [0, 1, 1, 0, 0],
                                                                   [0, 0, 1, 0, 0],
                                                                   [0, 0, 1, 0, 0],
                                                                   [0, 0, 1, 0, 0]
                                                                   ], [[0, 0, 0, 0, 0],
                                                                       [0, 0, 1, 0, 0],
                                                                       [0, 0, 1, 0, 0],
                                                                       [0, 0, 1, 0, 0],
                                                                       [0, 0, 1, 1, 0]
                                                                       ]]

blocs_liste = [[[0, 0, 0, 0, 0],
                [0, 0, 0, 0, 0],
                [0, 0, 0, 0, 0],
                [1, 0, 0, 0, 0],
                [1, 1, 0, 0, 0]],
               [[0, 0, 0, 0, 0],
                [0, 0, 0, 0, 0],
                [0, 0, 0, 0, 0],
                [0, 1, 0, 0, 0],
                [1, 1, 0, 0, 0]],
               [[0, 0, 0, 0, 0],
                [0, 0, 0, 0, 0],
                [0, 0, 0, 0, 0],
                [1, 0, 0, 0, 0],
                [1, 1, 1, 0, 0]],
               [[0, 0, 0, 0, 0],
                [0, 0, 0, 0, 0],
                [1, 1, 0, 0, 0],
                [0, 1, 0, 0, 0],
                [0, 1, 0, 0, 0]],
               [[0, 0, 0, 0, 0],
                [0, 0, 0, 0, 0],
                [1, 0, 0, 0, 0],
                [1, 1, 0, 0, 0],
                [1, 0, 0, 0, 0]],
               [[0, 0, 0, 0, 0],
                [0, 0, 0, 0, 0],
                [0, 0, 0, 0, 0],
                [0, 1, 0, 0, 0],
                [1, 1, 1, 0, 0]],
               [[0, 0, 0, 0, 0],
                [0, 0, 0, 0, 0],
                [0, 0, 0, 0, 0],
                [1, 1, 0, 0, 0],
                [0, 1, 1, 0, 0]],
               [[0, 0, 0, 0, 0],
                [0, 0, 0, 0, 0],
                [1, 0, 0, 0, 0],
                [1, 1, 0, 0, 0],
                [0, 1, 0, 0, 0]],
               [[0, 0, 0, 0, 0],
                [1, 0, 0, 0, 0],
                [1, 0, 0, 0, 0],
                [1, 0, 0, 0, 0],
                [1, 0, 0, 0, 0]],
               [[0, 0, 0, 0, 0],
                [0, 0, 0, 0, 0],
                [0, 0, 0, 0, 0],
                [1, 1, 0, 0, 0],
                [1, 1, 0, 0, 0]],
               [[0, 0, 0, 0, 0],
                [0, 0, 0, 0, 0],
                [0, 0, 0, 0, 0],
                [0, 0, 0, 0, 0],
                [1, 0, 0, 0, 0]],
               [[0, 0, 0, 0, 0],
                [0, 0, 0, 0, 0],
                [0, 0, 0, 0, 0],
                [1, 1, 0, 0, 0],
                [0, 1, 0, 0, 0]],
               [[0, 0, 0, 0, 0],
                [0, 0, 0, 0, 0],
                [0, 0, 0, 0, 0],
                [1, 1, 0, 0, 0],
                [1, 0, 0, 0, 0]],
               [[0, 0, 0, 0, 0],
                [0, 0, 0, 0, 0],
                [0, 0, 0, 0, 0],
                [0, 0, 1, 0, 0],
                [1, 1, 1, 0, 0]],
               [[0, 0, 0, 0, 0],
                [0, 0, 0, 0, 0],
                [1, 0, 0, 0, 0],
                [1, 0, 0, 0, 0],
                [1, 1, 0, 0, 0]],
               [[0, 0, 0, 0, 0],
                [0, 0, 0, 0, 0],
                [0, 1, 0, 0, 0],
                [1, 1, 0, 0, 0],
                [0, 1, 0, 0, 0]],
               [[0, 0, 0, 0, 0],
                [0, 0, 0, 0, 0],
                [0, 0, 0, 0, 0],
                [1, 1, 1, 0, 0],
                [0, 1, 0, 0, 0]],
               [[0, 0, 0, 0, 0],
                [0, 0, 0, 0, 0],
                [0, 0, 0, 0, 0],
                [0, 1, 1, 0, 0],
                [1, 1, 0, 0, 0]],
               [[0, 0, 0, 0, 0],
                [0, 0, 0, 0, 0],
                [0, 1, 0, 0, 0],
                [1, 1, 0, 0, 0],
                [1, 0, 0, 0, 0]],
               [[0, 0, 0, 0, 0],
                [0, 0, 0, 0, 0],
                [0, 0, 0, 0, 0],
                [0, 0, 0, 0, 0],
                [1, 1, 1, 1, 0]],
                [[0, 0, 0, 0, 0],
                [0, 0, 0, 0, 0],
                [1, 0, 0, 0, 0],
                [1, 1, 1, 0, 0],
                [0, 0, 1, 0, 0]],
                [[0, 0, 0, 0, 0],
                [0, 0, 0, 0, 0],
                [0, 0, 0, 0, 0],
                [1, 1, 0, 0, 0],
                [0, 1, 0, 0, 0],
                [0, 1, 1, 0, 0]],
                [[0, 0, 0, 0, 0],
                [0, 0, 0, 0, 0],
                [1, 1, 0, 0, 0],
                [0, 1, 0, 0, 0],
                [0, 1, 0, 0, 0]],
                [[0, 0, 0, 0, 0],
                [0, 0, 0, 0, 0],
                [0, 0, 1, 0, 0],
                [1, 1, 1, 0, 0],
                [1, 0, 0, 0, 0]],
                [[0, 0, 0, 0, 0],
                [0, 0, 0, 0, 0],
                [0, 1, 1, 0, 0],
                [0, 1, 0, 0, 0],
                [1, 1, 0, 0, 0]],
                [[0, 0, 0, 0, 0],
                [0, 0, 0, 0, 0],
                [0, 0, 1, 0, 0],
                [0, 1, 0, 0, 0],
                [1, 0, 0, 0, 0]],
                [[0, 0, 0, 0, 0],
                [0, 0, 0, 0, 0],
                [1, 0, 0, 0, 0],
                [0, 1, 0, 0, 0],
                [0, 0, 1, 0, 0]],
                [[0, 0, 0, 0, 0],
                [0, 0, 0, 0, 0],
                [1, 0, 0, 0, 0],
                [1, 0, 0, 0, 0],
                [1, 0, 0, 0, 0]],
                [[0, 0, 0, 0, 0],
                [0, 0, 0, 0, 0],
                [0, 0, 0, 0, 0],
                [0, 0, 0, 0, 0],
                [1, 1, 1, 0, 0]],
                [[0, 0, 0, 0, 0],
                [0, 0, 0, 0, 0],
                [0, 0, 0, 0, 0],
                [1, 0, 0, 0, 0],
                [1, 0, 0, 0, 0]],
                [[0, 0, 0, 0, 0],
                [0, 0, 0, 0, 0],
                [0, 1, 0, 0, 0],
                [1, 1, 1, 0, 0],
                [0, 1, 0, 0, 0]],
                [[0, 0, 0, 0, 0],
                [0, 0, 0, 0, 0],
                [0, 0, 0, 0, 0],
                [0, 0, 0, 0, 0],
                [1, 1, 0, 0, 0]],
                [[1, 1, 1, 1, 0],
                [1, 1, 1, 1, 0],
                [1, 1, 1, 1, 0],
                [1, 1, 1, 1, 0],
                [0, 0, 0, 0, 0]],
                [[0, 1, 1, 0, 0],
                [1, 1, 1, 1, 0],
                [1, 1, 1, 1, 0],
                [0, 1, 1, 0, 0],
                [0, 0, 0, 0, 0]],
                [[1, 0, 0, 1, 0],
                [1, 0, 0, 1, 0],
                [1, 0, 0, 1, 0],
                [1, 1, 1, 1, 0],
                [0, 0, 0, 0, 0]],
                [[1, 1, 1, 1, 0],
                [0, 0, 0, 1, 0],
                [0, 0, 0, 1, 0],
                [0, 0, 0, 1, 0],
                [0, 0, 0, 0, 0]],
                [[0, 0, 0, 0, 0],
                [0, 0, 0, 0, 0],
                [1, 1, 1, 1, 0],
                [1, 1, 1, 0, 0],
                [0, 0, 0, 0, 0]],
                [[0, 1, 1, 1, 0],
                [0, 0, 0, 1, 0],
                [0, 0, 0, 1, 0],
                [0, 1, 1, 1, 0],
                [0, 0, 0, 0, 0]],
                [[0, 1, 1, 0, 0],
                [0, 1, 1, 0, 0],
                [0, 1, 1, 0, 0],
                [0, 1, 1, 0, 0],
                [0, 0, 0, 0, 0]],
                [[0, 0, 0, 0, 0],
                [0, 0, 0, 0, 0],
                [1, 1, 1, 1, 0],
                [1, 1, 1, 1, 0],
                [0, 0, 0, 0, 0]],
                [[0, 1, 0, 0, 0],
                [0, 1, 0, 0, 0],
                [0, 1, 0, 0, 0],
                [0, 1, 0, 0, 0],
                [0, 0, 0, 0, 0]],
                [[0, 0, 0, 0, 0],
                [1, 1, 1, 1, 0],
                [1, 0, 0, 1, 0],
                [0, 0, 0, 0, 0],
                [0, 0, 0, 0, 0]],
                [[0, 0, 0, 0, 0],
                [0, 0, 0, 0, 0],
                [0, 0, 0, 0, 0],
                [1, 1, 1, 1, 0],
                [0, 0, 0, 0, 0]],
                [[1, 0, 0, 0, 0],
                [1, 0, 0, 0, 0],
                [1, 0, 0, 1, 0],
                [1, 1, 1, 1, 0],
                [0, 0, 0, 0, 0]],
                [[0, 0, 0, 0, 0],
                [0, 0, 1, 1, 0],
                [0, 1, 1, 0, 0],
                [1, 1, 0, 0, 0],
                [1, 0, 0, 0, 0]],
                [[0, 0, 0, 0, 0],
                [0, 1, 1, 0, 0],
                [0, 0, 1, 1, 0],
                [0, 0, 0, 1, 1],
                [0, 0, 0, 0, 1]],
                [[0, 0, 0, 0, 0],
                [1, 1, 1, 1, 0],
                [0, 1, 1, 0, 0],
                [0, 1, 1, 0, 0],
                [0, 1, 1, 0, 0],],
                [[0, 0, 0, 0, 0],
                [1, 0, 0, 1, 0],
                [0, 1, 1, 0, 0],
                [0, 1, 1, 0, 0],
                [1, 0, 0, 1, 0]],
                [[0, 0, 0, 0, 0],
                [0, 0, 0, 0, 0],
                [1, 1, 1, 1, 1],
                [0, 1, 1, 1, 0],
                [0, 0, 1, 0, 0]],
                [[0, 0, 0, 0, 0],
                [1, 1, 1, 1, 0],
                [1, 1, 1, 1, 0],
                [1, 1, 1, 1, 0],
                [1, 1, 1, 1, 0]],
                [[0, 0, 0, 0, 0],
                [1, 0, 0, 0, 0],
                [1, 1, 0, 0, 0],
                [0, 1, 1, 0, 0],
                [0, 0, 1, 1, 0]],
                [[0, 0, 0, 0, 0],
                [0, 0, 0, 0, 1],
                [0, 0, 0, 1, 1],
                [0, 0, 1, 1, 0],
                [0, 1, 1, 0, 0]],
                [[0, 0, 1, 0, 0],
                [0, 0, 1, 0, 0],
                [0, 0, 1, 0, 0],
                [0, 0, 1, 0, 0],
                [0, 0, 1, 0, 0]],
                [[0, 0, 0, 0, 0],
                [0, 0, 0, 0, 1],
                [0, 1, 1, 1, 1],
                [0, 0, 0, 0, 1],
                [0, 0, 0, 0, 0]],
                [[[0, 0, 0, 0, 0],
                [0, 0, 0, 0, 0],
                [1, 1, 1, 1, 1],
                [0, 0, 0, 0, 0],
                [0, 0, 0, 0, 0]],
                [[0, 0, 0, 0, 0],
                [0, 0, 0, 0, 0],
                [0, 1, 1, 1, 1],
                [0, 0, 0, 0, 1],
                [0, 0, 0, 0, 0]],
                [[0, 0, 0, 0, 0],
                [0, 1, 1, 0, 0],
                [0, 0, 1, 0, 0],
                [0, 0, 1, 0, 0],
                [0, 0, 1, 0, 0]],
                [[0, 0, 0, 0, 0],
                [0, 0, 1, 0, 0],
                [0, 0, 1, 0, 0],
                [0, 0, 1, 0, 0],
                [0, 0, 1, 1, 0]]]
